33
66 158 205 438 455 7725 8769 
66 161 208 444 461 16043 17087 
66 157 204 436 453 7801 8845 
66 160 207 442 459 15192 16236 
66 155 202 436 453 15174 16218 
66 160 207 442 459 8349 9393 
66 163 210 448 465 17157 18201 
66 159 206 440 457 8320 9364 
66 162 209 446 463 16342 17386 
66 161 208 445 462 14549 15849 
66 164 211 451 468 22534 23834 
66 160 207 443 460 14783 16083 
66 163 210 449 466 22983 24283 
66 163 210 449 466 15581 16881 
66 166 213 455 472 24798 26098 
66 162 209 447 464 15629 16929 
66 165 212 453 470 25100 26400 
66 160 207 447 464 23698 24998 
66 161 208 449 466 23128 24428 
66 158 205 442 459 17566 18610 
66 161 208 448 465 15903 16947 
66 164 211 454 471 16951 17995 
66 157 204 440 457 16087 17131 
66 160 207 446 463 18302 19346 
66 163 210 452 469 16652 17696 
66 166 213 458 475 17553 18597 
66 158 205 443 460 22318 23618 
66 164 211 455 472 22191 23491 
66 167 214 461 478 22707 24007 
66 163 210 453 470 24244 25544 
66 166 213 459 476 23353 24653 
66 169 216 465 482 23557 24857 
66 139 186 396 413 1425 2469 
